Linux 5.3.18.oslab2 (oslab4) 	2020년 10월 21일 	_x86_64_	(10 CPU)

19시 09분 19초  CPU    %usr   %nice    %sys %iowait    %irq   %soft  %steal  %guest  %gnice   %idle
19시 10분 19초  all   20.30    0.00   30.06    0.00    0.00   48.03    0.00    0.00    0.00    1.61
19시 10분 19초    0   20.17    0.00   29.34    0.00    0.00   48.96    0.00    0.00    0.00    1.52
19시 10분 19초    1   20.82    0.00   30.68    0.00    0.00   46.93    0.00    0.00    0.00    1.57
19시 10분 19초    2   20.19    0.00   29.98    0.00    0.00   48.35    0.00    0.00    0.00    1.48
19시 10분 19초    3   20.68    0.00   30.13    0.00    0.00   47.53    0.00    0.00    0.00    1.66
19시 10분 19초    4   19.65    0.00   29.51    0.00    0.00   49.14    0.00    0.00    0.00    1.71
19시 10분 19초    5   20.08    0.00   30.38    0.00    0.00   48.00    0.00    0.00    0.00    1.54
19시 10분 19초    6   20.45    0.00   31.06    0.00    0.00   46.95    0.00    0.00    0.00    1.54
19시 10분 19초    7   20.64    0.00   29.82    0.00    0.00   47.78    0.00    0.00    0.00    1.76
19시 10분 19초    8   20.57    0.00   30.08    0.00    0.00   47.58    0.00    0.00    0.00    1.77
19시 10분 19초    9   19.71    0.00   29.63    0.00    0.00   49.12    0.00    0.00    0.00    1.54

Average:     CPU    %usr   %nice    %sys %iowait    %irq   %soft  %steal  %guest  %gnice   %idle
Average:     all   20.30    0.00   30.06    0.00    0.00   48.03    0.00    0.00    0.00    1.61
Average:       0   20.17    0.00   29.34    0.00    0.00   48.96    0.00    0.00    0.00    1.52
Average:       1   20.82    0.00   30.68    0.00    0.00   46.93    0.00    0.00    0.00    1.57
Average:       2   20.19    0.00   29.98    0.00    0.00   48.35    0.00    0.00    0.00    1.48
Average:       3   20.68    0.00   30.13    0.00    0.00   47.53    0.00    0.00    0.00    1.66
Average:       4   19.65    0.00   29.51    0.00    0.00   49.14    0.00    0.00    0.00    1.71
Average:       5   20.08    0.00   30.38    0.00    0.00   48.00    0.00    0.00    0.00    1.54
Average:       6   20.45    0.00   31.06    0.00    0.00   46.95    0.00    0.00    0.00    1.54
Average:       7   20.64    0.00   29.82    0.00    0.00   47.78    0.00    0.00    0.00    1.76
Average:       8   20.57    0.00   30.08    0.00    0.00   47.58    0.00    0.00    0.00    1.77
Average:       9   19.71    0.00   29.63    0.00    0.00   49.12    0.00    0.00    0.00    1.54
